NACA 4412
  1.000163   0.001249
  0.996728   0.002189
  0.989325   0.004198
  0.977998   0.007228
  0.962821   0.011205
  0.943897   0.016032
  0.921361   0.021594
  0.895376   0.027761
  0.866135   0.034391
  0.833859   0.041336
  0.798797   0.048444
  0.761222   0.055561
  0.721432   0.062537
  0.679747   0.069223
  0.636504   0.075478
  0.592060   0.081167
  0.546782   0.086163
  0.501051   0.090351
  0.455255   0.093629
  0.409787   0.095910
  0.364474   0.096957
  0.320116   0.096370
  0.277284   0.094171
  0.236383   0.090440
  0.197796   0.085297
  0.161883   0.078903
  0.128969   0.071448
  0.099345   0.063147
  0.073261   0.054230
  0.050925   0.044928
  0.032500   0.035466
  0.018112   0.026045
  0.007843   0.016827
  0.001749   0.007883
  0.000280  -0.002886
  0.005799  -0.012242
  0.014757  -0.018185
  0.027500  -0.022925
  0.043913  -0.026560
  0.063844  -0.029149
  0.087112  -0.030757
  0.113521  -0.031465
  0.142856  -0.031367
  0.174890  -0.030577
  0.209384  -0.029227
  0.246091  -0.027460
  0.284752  -0.025432
  0.325098  -0.023302
  0.366849  -0.021232
  0.409869  -0.019361
  0.454225  -0.017463
  0.499005  -0.015481
  0.543852  -0.013500
  0.588407  -0.011593
  0.632308  -0.009817
  0.675197  -0.008212
  0.716717  -0.006799
  0.756523  -0.005588
  0.794279  -0.004575
  0.829664  -0.003746
  0.862378  -0.003082
  0.892137  -0.002560
  0.918686  -0.002157
  0.941792  -0.001851
  0.961256  -0.001625
  0.976908  -0.001461
  0.988615  -0.001349
  0.996278  -0.001280
  0.999837  -0.001249
